{
 "cells": [
  {
   "cell_type": "code",
   "execution_count": 12,
   "metadata": {
    "collapsed": false
   },
   "outputs": [],
   "source": [
    "import cPickle as pickle\n",
    "a = pickle.load(open('trees_test.pkl','rb'))"
   ]
  },
  {
   "cell_type": "code",
   "execution_count": 22,
   "metadata": {
    "collapsed": false
   },
   "outputs": [
    {
     "data": {
      "text/plain": [
       "[Tree('N1', []),\n",
       " Tree('', [Tree('N2', []), Tree('N1', [])]),\n",
       " Tree('A1', []),\n",
       " Tree('A2', []),\n",
       " Tree('A1', [Tree('A1', []), Tree('I1', [])]),\n",
       " Tree('I2', []),\n",
       " Tree('I1', [])]"
      ]
     },
     "execution_count": 22,
     "metadata": {},
     "output_type": "execute_result"
    }
   ],
   "source": [
    "a"
   ]
  },
  {
   "cell_type": "code",
   "execution_count": 21,
   "metadata": {
    "collapsed": false
   },
   "outputs": [
    {
     "data": {
      "text/html": [
       "<div>\n",
       "<table border=\"1\" class=\"dataframe\">\n",
       "  <thead>\n",
       "    <tr style=\"text-align: right;\">\n",
       "      <th></th>\n",
       "      <th>bin</th>\n",
       "      <th>count</th>\n",
       "      <th>norm</th>\n",
       "      <th>height</th>\n",
       "      <th>tfid</th>\n",
       "    </tr>\n",
       "  </thead>\n",
       "  <tbody>\n",
       "    <tr>\n",
       "      <th>0</th>\n",
       "      <td>{u'N1': 1}</td>\n",
       "      <td>{u'N1': 1}</td>\n",
       "      <td>{u'N1': 1.0}</td>\n",
       "      <td>{u'N1': 1}</td>\n",
       "      <td>{u'N1': 3.5}</td>\n",
       "    </tr>\n",
       "    <tr>\n",
       "      <th>1</th>\n",
       "      <td>{u'': 1, u'N1': 1, u'N2': 1}</td>\n",
       "      <td>{u'': 1, u'N1': 1, u'N2': 1}</td>\n",
       "      <td>{u'': 0.333333333333, u'N1': 0.333333333333, u...</td>\n",
       "      <td>{u'': 1, u'N1': 1, u'N2': 1}</td>\n",
       "      <td>{u'': 2.33333333333, u'N1': 1.16666666667, u'N...</td>\n",
       "    </tr>\n",
       "    <tr>\n",
       "      <th>2</th>\n",
       "      <td>{u'A1': 1}</td>\n",
       "      <td>{u'A1': 1}</td>\n",
       "      <td>{u'A1': 1.0}</td>\n",
       "      <td>{u'A1': 1}</td>\n",
       "      <td>{u'A1': 3.5}</td>\n",
       "    </tr>\n",
       "    <tr>\n",
       "      <th>3</th>\n",
       "      <td>{u'A2': 1}</td>\n",
       "      <td>{u'A2': 1}</td>\n",
       "      <td>{u'A2': 1.0}</td>\n",
       "      <td>{u'A2': 1}</td>\n",
       "      <td>{u'A2': 7.0}</td>\n",
       "    </tr>\n",
       "    <tr>\n",
       "      <th>4</th>\n",
       "      <td>{u'A1': 1, u'I1': 1}</td>\n",
       "      <td>{u'A1': 2, u'I1': 1}</td>\n",
       "      <td>{u'A1': 0.666666666667, u'I1': 0.333333333333}</td>\n",
       "      <td>{u'A1': 2, u'I1': 1}</td>\n",
       "      <td>{u'A1': 2.33333333333, u'I1': 1.16666666667}</td>\n",
       "    </tr>\n",
       "  </tbody>\n",
       "</table>\n",
       "</div>"
      ],
      "text/plain": [
       "                            bin                         count  \\\n",
       "0                    {u'N1': 1}                    {u'N1': 1}   \n",
       "1  {u'': 1, u'N1': 1, u'N2': 1}  {u'': 1, u'N1': 1, u'N2': 1}   \n",
       "2                    {u'A1': 1}                    {u'A1': 1}   \n",
       "3                    {u'A2': 1}                    {u'A2': 1}   \n",
       "4          {u'A1': 1, u'I1': 1}          {u'A1': 2, u'I1': 1}   \n",
       "\n",
       "                                                norm  \\\n",
       "0                                       {u'N1': 1.0}   \n",
       "1  {u'': 0.333333333333, u'N1': 0.333333333333, u...   \n",
       "2                                       {u'A1': 1.0}   \n",
       "3                                       {u'A2': 1.0}   \n",
       "4     {u'A1': 0.666666666667, u'I1': 0.333333333333}   \n",
       "\n",
       "                         height  \\\n",
       "0                    {u'N1': 1}   \n",
       "1  {u'': 1, u'N1': 1, u'N2': 1}   \n",
       "2                    {u'A1': 1}   \n",
       "3                    {u'A2': 1}   \n",
       "4          {u'A1': 2, u'I1': 1}   \n",
       "\n",
       "                                                tfid  \n",
       "0                                       {u'N1': 3.5}  \n",
       "1  {u'': 2.33333333333, u'N1': 1.16666666667, u'N...  \n",
       "2                                       {u'A1': 3.5}  \n",
       "3                                       {u'A2': 7.0}  \n",
       "4       {u'A1': 2.33333333333, u'I1': 1.16666666667}  "
      ]
     },
     "execution_count": 21,
     "metadata": {},
     "output_type": "execute_result"
    }
   ],
   "source": [
    "d = pickle.load(open('dicts_test.pkl','rb'))\n",
    "d.head()"
   ]
  },
  {
   "cell_type": "code",
   "execution_count": 96,
   "metadata": {
    "collapsed": false
   },
   "outputs": [
    {
     "name": "stdout",
     "output_type": "stream",
     "text": [
      "[0 0 1 1 2 2 2]\n"
     ]
    }
   ],
   "source": [
    "v = pickle.load(open('kernels.pkl','rb'))\n",
    "y = pickle.load(open('labels.pkl','rb'))\n",
    "print y\n"
   ]
  },
  {
   "cell_type": "code",
   "execution_count": 97,
   "metadata": {
    "collapsed": false
   },
   "outputs": [
    {
     "data": {
      "text/plain": [
       "array([1, 1])"
      ]
     },
     "execution_count": 97,
     "metadata": {},
     "output_type": "execute_result"
    }
   ],
   "source": [
    "from sklearn.neighbors import KNeighborsClassifier\n",
    "\n",
    "clf = KNeighborsClassifier(n_neighbors=5,metric='precomputed')\n",
    "clf.fit(v['eucl_dist'][0],y)\n",
    "clf.predict(v['eucl_dist'][0][2:4])"
   ]
  },
  {
   "cell_type": "code",
   "execution_count": 98,
   "metadata": {
    "collapsed": false,
    "scrolled": true
   },
   "outputs": [
    {
     "data": {
      "text/plain": [
       "{'cos_sim': [array([[ 1.        ,  0.57735027,  0.        ,  0.        ,  0.        ,\n",
       "           0.        ,  0.        ],\n",
       "         [ 0.57735027,  1.        ,  0.        ,  0.        ,  0.        ,\n",
       "           0.        ,  0.        ],\n",
       "         [ 0.        ,  0.        ,  1.        ,  0.        ,  0.70710678,\n",
       "           0.        ,  0.        ],\n",
       "         [ 0.        ,  0.        ,  0.        ,  1.        ,  0.        ,\n",
       "           0.        ,  0.        ],\n",
       "         [ 0.        ,  0.        ,  0.70710678,  0.        ,  1.        ,\n",
       "           0.        ,  0.70710678],\n",
       "         [ 0.        ,  0.        ,  0.        ,  0.        ,  0.        ,\n",
       "           1.        ,  0.        ],\n",
       "         [ 0.        ,  0.        ,  0.        ,  0.        ,  0.70710678,\n",
       "           0.        ,  1.        ]]),\n",
       "  array([[ 1.        ,  0.57735027,  0.        ,  0.        ,  0.        ,\n",
       "           0.        ,  0.        ],\n",
       "         [ 0.57735027,  1.        ,  0.        ,  0.        ,  0.        ,\n",
       "           0.        ,  0.        ],\n",
       "         [ 0.        ,  0.        ,  1.        ,  0.        ,  0.89442719,\n",
       "           0.        ,  0.        ],\n",
       "         [ 0.        ,  0.        ,  0.        ,  1.        ,  0.        ,\n",
       "           0.        ,  0.        ],\n",
       "         [ 0.        ,  0.        ,  0.89442719,  0.        ,  1.        ,\n",
       "           0.        ,  0.4472136 ],\n",
       "         [ 0.        ,  0.        ,  0.        ,  0.        ,  0.        ,\n",
       "           1.        ,  0.        ],\n",
       "         [ 0.        ,  0.        ,  0.        ,  0.        ,  0.4472136 ,\n",
       "           0.        ,  1.        ]]),\n",
       "  array([[ 1.        ,  0.57735027,  0.        ,  0.        ,  0.        ,\n",
       "           0.        ,  0.        ],\n",
       "         [ 0.57735027,  1.        ,  0.        ,  0.        ,  0.        ,\n",
       "           0.        ,  0.        ],\n",
       "         [ 0.        ,  0.        ,  1.        ,  0.        ,  0.89442719,\n",
       "           0.        ,  0.        ],\n",
       "         [ 0.        ,  0.        ,  0.        ,  1.        ,  0.        ,\n",
       "           0.        ,  0.        ],\n",
       "         [ 0.        ,  0.        ,  0.89442719,  0.        ,  1.        ,\n",
       "           0.        ,  0.4472136 ],\n",
       "         [ 0.        ,  0.        ,  0.        ,  0.        ,  0.        ,\n",
       "           1.        ,  0.        ],\n",
       "         [ 0.        ,  0.        ,  0.        ,  0.        ,  0.4472136 ,\n",
       "           0.        ,  1.        ]]),\n",
       "  array([[ 1.        ,  0.57735027,  0.        ,  0.        ,  0.        ,\n",
       "           0.        ,  0.        ],\n",
       "         [ 0.57735027,  1.        ,  0.        ,  0.        ,  0.        ,\n",
       "           0.        ,  0.        ],\n",
       "         [ 0.        ,  0.        ,  1.        ,  0.        ,  0.89442719,\n",
       "           0.        ,  0.        ],\n",
       "         [ 0.        ,  0.        ,  0.        ,  1.        ,  0.        ,\n",
       "           0.        ,  0.        ],\n",
       "         [ 0.        ,  0.        ,  0.89442719,  0.        ,  1.        ,\n",
       "           0.        ,  0.4472136 ],\n",
       "         [ 0.        ,  0.        ,  0.        ,  0.        ,  0.        ,\n",
       "           1.        ,  0.        ],\n",
       "         [ 0.        ,  0.        ,  0.        ,  0.        ,  0.4472136 ,\n",
       "           0.        ,  1.        ]]),\n",
       "  array([[ 1.        ,  0.33333333,  0.        ,  0.        ,  0.        ,\n",
       "           0.        ,  0.        ],\n",
       "         [ 0.33333333,  1.        ,  0.        ,  0.        ,  0.        ,\n",
       "           0.        ,  0.        ],\n",
       "         [ 0.        ,  0.        ,  1.        ,  0.        ,  0.89442719,\n",
       "           0.        ,  0.        ],\n",
       "         [ 0.        ,  0.        ,  0.        ,  1.        ,  0.        ,\n",
       "           0.        ,  0.        ],\n",
       "         [ 0.        ,  0.        ,  0.89442719,  0.        ,  1.        ,\n",
       "           0.        ,  0.4472136 ],\n",
       "         [ 0.        ,  0.        ,  0.        ,  0.        ,  0.        ,\n",
       "           1.        ,  0.        ],\n",
       "         [ 0.        ,  0.        ,  0.        ,  0.        ,  0.4472136 ,\n",
       "           0.        ,  1.        ]])],\n",
       " 'eucl_dist': [array([[ 0.        ,  1.41421356,  1.41421356,  1.41421356,  1.73205081,\n",
       "           1.41421356,  1.41421356],\n",
       "         [ 1.41421356,  0.        ,  2.        ,  2.        ,  2.23606798,\n",
       "           2.        ,  2.        ],\n",
       "         [ 1.41421356,  2.        ,  0.        ,  1.41421356,  1.        ,\n",
       "           1.41421356,  1.41421356],\n",
       "         [ 1.41421356,  2.        ,  1.41421356,  0.        ,  1.73205081,\n",
       "           1.41421356,  1.41421356],\n",
       "         [ 1.73205081,  2.23606798,  1.        ,  1.73205081,  0.        ,\n",
       "           1.73205081,  1.        ],\n",
       "         [ 1.41421356,  2.        ,  1.41421356,  1.41421356,  1.73205081,\n",
       "           0.        ,  1.41421356],\n",
       "         [ 1.41421356,  2.        ,  1.41421356,  1.41421356,  1.        ,\n",
       "           1.41421356,  0.        ]]),\n",
       "  array([[ 0.        ,  1.41421356,  1.41421356,  1.41421356,  2.44948974,\n",
       "           1.41421356,  1.41421356],\n",
       "         [ 1.41421356,  0.        ,  2.        ,  2.        ,  2.82842712,\n",
       "           2.        ,  2.        ],\n",
       "         [ 1.41421356,  2.        ,  0.        ,  1.41421356,  1.41421356,\n",
       "           1.41421356,  1.41421356],\n",
       "         [ 1.41421356,  2.        ,  1.41421356,  0.        ,  2.44948974,\n",
       "           1.41421356,  1.41421356],\n",
       "         [ 2.44948974,  2.82842712,  1.41421356,  2.44948974,  0.        ,\n",
       "           2.44948974,  2.        ],\n",
       "         [ 1.41421356,  2.        ,  1.41421356,  1.41421356,  2.44948974,\n",
       "           0.        ,  1.41421356],\n",
       "         [ 1.41421356,  2.        ,  1.41421356,  1.41421356,  2.        ,\n",
       "           1.41421356,  0.        ]]),\n",
       "  array([[ 0.        ,  0.81649658,  1.41421356,  1.41421356,  1.24721913,\n",
       "           1.41421356,  1.41421356],\n",
       "         [ 0.81649658,  0.        ,  1.15470054,  1.15470054,  0.94280904,\n",
       "           1.15470054,  1.15470054],\n",
       "         [ 1.41421356,  1.15470054,  0.        ,  1.41421356,  0.47140452,\n",
       "           1.41421356,  1.41421356],\n",
       "         [ 1.41421356,  1.15470054,  1.41421356,  0.        ,  1.24721913,\n",
       "           1.41421356,  1.41421356],\n",
       "         [ 1.24721913,  0.94280904,  0.47140452,  1.24721913,  0.        ,\n",
       "           1.24721913,  0.94280904],\n",
       "         [ 1.41421356,  1.15470054,  1.41421356,  1.41421356,  1.24721913,\n",
       "           0.        ,  1.41421356],\n",
       "         [ 1.41421356,  1.15470054,  1.41421356,  1.41421356,  0.94280904,\n",
       "           1.41421356,  0.        ]]),\n",
       "  array([[ 0.        ,  1.41421356,  1.41421356,  1.41421356,  2.44948974,\n",
       "           1.41421356,  1.41421356],\n",
       "         [ 1.41421356,  0.        ,  2.        ,  2.        ,  2.82842712,\n",
       "           2.        ,  2.        ],\n",
       "         [ 1.41421356,  2.        ,  0.        ,  1.41421356,  1.41421356,\n",
       "           1.41421356,  1.41421356],\n",
       "         [ 1.41421356,  2.        ,  1.41421356,  0.        ,  2.44948974,\n",
       "           1.41421356,  1.41421356],\n",
       "         [ 2.44948974,  2.82842712,  1.41421356,  2.44948974,  0.        ,\n",
       "           2.44948974,  2.        ],\n",
       "         [ 1.41421356,  2.        ,  1.41421356,  1.41421356,  2.44948974,\n",
       "           0.        ,  1.41421356],\n",
       "         [ 1.41421356,  2.        ,  1.41421356,  1.41421356,  2.        ,\n",
       "           1.41421356,  0.        ]]),\n",
       "  array([[ 0.        ,  4.04145188,  4.94974747,  7.82623792,  4.36526695,\n",
       "           7.82623792,  4.94974747],\n",
       "         [ 4.04145188,  0.        ,  4.94974747,  7.82623792,  4.36526695,\n",
       "           7.82623792,  4.94974747],\n",
       "         [ 4.94974747,  4.94974747,  0.        ,  7.82623792,  1.64991582,\n",
       "           7.82623792,  4.94974747],\n",
       "         [ 7.82623792,  7.82623792,  7.82623792,  0.        ,  7.47031161,\n",
       "           9.89949494,  7.82623792],\n",
       "         [ 4.36526695,  4.36526695,  1.64991582,  7.47031161,  0.        ,\n",
       "           7.47031161,  3.29983165],\n",
       "         [ 7.82623792,  7.82623792,  7.82623792,  9.89949494,  7.47031161,\n",
       "           0.        ,  7.82623792],\n",
       "         [ 4.94974747,  4.94974747,  4.94974747,  7.82623792,  3.29983165,\n",
       "           7.82623792,  0.        ]])],\n",
       " 'lin': [array([[ 1.,  1.,  0.,  0.,  0.,  0.,  0.],\n",
       "         [ 1.,  3.,  0.,  0.,  0.,  0.,  0.],\n",
       "         [ 0.,  0.,  1.,  0.,  1.,  0.,  0.],\n",
       "         [ 0.,  0.,  0.,  1.,  0.,  0.,  0.],\n",
       "         [ 0.,  0.,  1.,  0.,  2.,  0.,  1.],\n",
       "         [ 0.,  0.,  0.,  0.,  0.,  1.,  0.],\n",
       "         [ 0.,  0.,  0.,  0.,  1.,  0.,  1.]]),\n",
       "  array([[ 1.,  1.,  0.,  0.,  0.,  0.,  0.],\n",
       "         [ 1.,  3.,  0.,  0.,  0.,  0.,  0.],\n",
       "         [ 0.,  0.,  1.,  0.,  2.,  0.,  0.],\n",
       "         [ 0.,  0.,  0.,  1.,  0.,  0.,  0.],\n",
       "         [ 0.,  0.,  2.,  0.,  5.,  0.,  1.],\n",
       "         [ 0.,  0.,  0.,  0.,  0.,  1.,  0.],\n",
       "         [ 0.,  0.,  0.,  0.,  1.,  0.,  1.]]),\n",
       "  array([[ 1.        ,  0.33333333,  0.        ,  0.        ,  0.        ,\n",
       "           0.        ,  0.        ],\n",
       "         [ 0.33333333,  0.33333333,  0.        ,  0.        ,  0.        ,\n",
       "           0.        ,  0.        ],\n",
       "         [ 0.        ,  0.        ,  1.        ,  0.        ,  0.66666667,\n",
       "           0.        ,  0.        ],\n",
       "         [ 0.        ,  0.        ,  0.        ,  1.        ,  0.        ,\n",
       "           0.        ,  0.        ],\n",
       "         [ 0.        ,  0.        ,  0.66666667,  0.        ,  0.55555556,\n",
       "           0.        ,  0.33333333],\n",
       "         [ 0.        ,  0.        ,  0.        ,  0.        ,  0.        ,\n",
       "           1.        ,  0.        ],\n",
       "         [ 0.        ,  0.        ,  0.        ,  0.        ,  0.33333333,\n",
       "           0.        ,  1.        ]]),\n",
       "  array([[ 1.,  1.,  0.,  0.,  0.,  0.,  0.],\n",
       "         [ 1.,  3.,  0.,  0.,  0.,  0.,  0.],\n",
       "         [ 0.,  0.,  1.,  0.,  2.,  0.,  0.],\n",
       "         [ 0.,  0.,  0.,  1.,  0.,  0.,  0.],\n",
       "         [ 0.,  0.,  2.,  0.,  5.,  0.,  1.],\n",
       "         [ 0.,  0.,  0.,  0.,  0.,  1.,  0.],\n",
       "         [ 0.,  0.,  0.,  0.,  1.,  0.,  1.]]),\n",
       "  array([[ 12.25      ,   4.08333333,   0.        ,   0.        ,\n",
       "            0.        ,   0.        ,   0.        ],\n",
       "         [  4.08333333,  12.25      ,   0.        ,   0.        ,\n",
       "            0.        ,   0.        ,   0.        ],\n",
       "         [  0.        ,   0.        ,  12.25      ,   0.        ,\n",
       "            8.16666667,   0.        ,   0.        ],\n",
       "         [  0.        ,   0.        ,   0.        ,  49.        ,\n",
       "            0.        ,   0.        ,   0.        ],\n",
       "         [  0.        ,   0.        ,   8.16666667,   0.        ,\n",
       "            6.80555556,   0.        ,   4.08333333],\n",
       "         [  0.        ,   0.        ,   0.        ,   0.        ,\n",
       "            0.        ,  49.        ,   0.        ],\n",
       "         [  0.        ,   0.        ,   0.        ,   0.        ,\n",
       "            4.08333333,   0.        ,  12.25      ]])],\n",
       " 'rbf': [array([[ 1.        ,  0.75147729,  0.75147729,  0.75147729,  0.65143906,\n",
       "           0.75147729,  0.75147729],\n",
       "         [ 0.75147729,  1.        ,  0.56471812,  0.56471812,  0.48954166,\n",
       "           0.56471812,  0.56471812],\n",
       "         [ 0.75147729,  0.56471812,  1.        ,  0.75147729,  0.8668779 ,\n",
       "           0.75147729,  0.75147729],\n",
       "         [ 0.75147729,  0.56471812,  0.75147729,  1.        ,  0.65143906,\n",
       "           0.75147729,  0.75147729],\n",
       "         [ 0.65143906,  0.48954166,  0.8668779 ,  0.65143906,  1.        ,\n",
       "           0.65143906,  0.8668779 ],\n",
       "         [ 0.75147729,  0.56471812,  0.75147729,  0.75147729,  0.65143906,\n",
       "           1.        ,  0.75147729],\n",
       "         [ 0.75147729,  0.56471812,  0.75147729,  0.75147729,  0.8668779 ,\n",
       "           0.75147729,  1.        ]]),\n",
       "  array([[ 1.        ,  0.75147729,  0.75147729,  0.75147729,  0.42437285,\n",
       "           0.75147729,  0.75147729],\n",
       "         [ 0.75147729,  1.        ,  0.56471812,  0.56471812,  0.31890656,\n",
       "           0.56471812,  0.56471812],\n",
       "         [ 0.75147729,  0.56471812,  1.        ,  0.75147729,  0.75147729,\n",
       "           0.75147729,  0.75147729],\n",
       "         [ 0.75147729,  0.56471812,  0.75147729,  1.        ,  0.42437285,\n",
       "           0.75147729,  0.75147729],\n",
       "         [ 0.42437285,  0.31890656,  0.75147729,  0.42437285,  1.        ,\n",
       "           0.42437285,  0.56471812],\n",
       "         [ 0.75147729,  0.56471812,  0.75147729,  0.75147729,  0.42437285,\n",
       "           1.        ,  0.75147729],\n",
       "         [ 0.75147729,  0.56471812,  0.75147729,  0.75147729,  0.56471812,\n",
       "           0.75147729,  1.        ]]),\n",
       "  array([[ 1.        ,  0.90915644,  0.75147729,  0.75147729,  0.8007374 ,\n",
       "           0.75147729,  0.75147729],\n",
       "         [ 0.90915644,  1.        ,  0.82656544,  0.82656544,  0.88074765,\n",
       "           0.82656544,  0.82656544],\n",
       "         [ 0.75147729,  0.82656544,  1.        ,  0.75147729,  0.96875258,\n",
       "           0.75147729,  0.75147729],\n",
       "         [ 0.75147729,  0.82656544,  0.75147729,  1.        ,  0.8007374 ,\n",
       "           0.75147729,  0.75147729],\n",
       "         [ 0.8007374 ,  0.88074765,  0.96875258,  0.8007374 ,  1.        ,\n",
       "           0.8007374 ,  0.88074765],\n",
       "         [ 0.75147729,  0.82656544,  0.75147729,  0.75147729,  0.8007374 ,\n",
       "           1.        ,  0.75147729],\n",
       "         [ 0.75147729,  0.82656544,  0.75147729,  0.75147729,  0.88074765,\n",
       "           0.75147729,  1.        ]]),\n",
       "  array([[ 1.        ,  0.75147729,  0.75147729,  0.75147729,  0.42437285,\n",
       "           0.75147729,  0.75147729],\n",
       "         [ 0.75147729,  1.        ,  0.56471812,  0.56471812,  0.31890656,\n",
       "           0.56471812,  0.56471812],\n",
       "         [ 0.75147729,  0.56471812,  1.        ,  0.75147729,  0.75147729,\n",
       "           0.75147729,  0.75147729],\n",
       "         [ 0.75147729,  0.56471812,  0.75147729,  1.        ,  0.42437285,\n",
       "           0.75147729,  0.75147729],\n",
       "         [ 0.42437285,  0.31890656,  0.75147729,  0.42437285,  1.        ,\n",
       "           0.42437285,  0.56471812],\n",
       "         [ 0.75147729,  0.56471812,  0.75147729,  0.75147729,  0.42437285,\n",
       "           1.        ,  0.75147729],\n",
       "         [ 0.75147729,  0.56471812,  0.75147729,  0.75147729,  0.56471812,\n",
       "           0.75147729,  1.        ]]),\n",
       "  array([[  1.00000000e+00,   9.69719679e-02,   3.01973834e-02,\n",
       "            1.58461325e-04,   6.57285286e-02,   1.58461325e-04,\n",
       "            3.01973834e-02],\n",
       "         [  9.69719679e-02,   1.00000000e+00,   3.01973834e-02,\n",
       "            1.58461325e-04,   6.57285286e-02,   1.58461325e-04,\n",
       "            3.01973834e-02],\n",
       "         [  3.01973834e-02,   3.01973834e-02,   1.00000000e+00,\n",
       "            1.58461325e-04,   6.77809578e-01,   1.58461325e-04,\n",
       "            3.01973834e-02],\n",
       "         [  1.58461325e-04,   1.58461325e-04,   1.58461325e-04,\n",
       "            1.00000000e+00,   3.44911663e-04,   8.31528719e-07,\n",
       "            1.58461325e-04],\n",
       "         [  6.57285286e-02,   6.57285286e-02,   6.77809578e-01,\n",
       "            3.44911663e-04,   1.00000000e+00,   3.44911663e-04,\n",
       "            2.11072088e-01],\n",
       "         [  1.58461325e-04,   1.58461325e-04,   1.58461325e-04,\n",
       "            8.31528719e-07,   3.44911663e-04,   1.00000000e+00,\n",
       "            1.58461325e-04],\n",
       "         [  3.01973834e-02,   3.01973834e-02,   3.01973834e-02,\n",
       "            1.58461325e-04,   2.11072088e-01,   1.58461325e-04,\n",
       "            1.00000000e+00]])]}"
      ]
     },
     "execution_count": 98,
     "metadata": {},
     "output_type": "execute_result"
    }
   ],
   "source": [
    "v"
   ]
  },
  {
   "cell_type": "code",
   "execution_count": null,
   "metadata": {
    "collapsed": true
   },
   "outputs": [],
   "source": []
  }
 ],
 "metadata": {
  "kernelspec": {
   "display_name": "Python 2",
   "language": "python",
   "name": "python2"
  },
  "language_info": {
   "codemirror_mode": {
    "name": "ipython",
    "version": 2
   },
   "file_extension": ".py",
   "mimetype": "text/x-python",
   "name": "python",
   "nbconvert_exporter": "python",
   "pygments_lexer": "ipython2",
   "version": "2.7.11"
  }
 },
 "nbformat": 4,
 "nbformat_minor": 0
}
